45
0 1 69
0 3 74
0 5 109
0 6 248
1 8 70
1 9 100
2 3 73
2 10 100
2 14 142
3 4 106
3 5 155
3 15 128
3 16 114
3 17 134
4 5 143
4 18 44
4 19 219
5 6 143 
5 20 276
5 22 207
5 23 126
6 7 205
6 23 124
6 24 263
7 8 87
7 43 205
8 9 72
9 10 52
10 11 68
11 12 90
11 13 147
13 14 74
13 25 118
13 27 107
14 15 54
14 28 77
14 29 81
15 16 58
16 17 51
17 18 85 
17 29 127
17 30 165
19 20 59
19 32 69
20 21 72
20 22 81
20 35 94
22 37 20
23 24 131
23 38 93
24 39 163
24 40 98
25 26 189
27 28 61
28 29 73
30 31 98    
32 33 99
32 35 126
33 34 97
34 35 109
35 36 126
36 37 109
36 39 346
37 38 77
38 39 238
39 40 161
40 41 86
41 42 57
42 43 52
43 44 310
0